250
200
170
260
200
220
150
270
250
370
450
300
330
350
950
1100
1400
1560
500
890
1150
1300
250
290
310
200
270
290
300
310
390
400
460
380
450
500
510
500
900
270
520
920
670
430
730
470
800
500
320
410
520
470
310
490
370
400
400
220
310
420
370
210
390
270
300
550
370
460
570
520
360
540
420
450
550
600
500
910
700
950
710
660
350
300
200
510
400
550
410
360
1200
1100
1150
1300
1300
1000
1100
1350
1200
2000
2100
2200
3000
2700
1300
1000
1100
1350
1200
1400
500
520
490
450
450
300
320
290
250
250
200
220
190
150
150
600
620
590
550
550
300
320
390
350
310





 






